[main]
format = 3
device_id = 11
output_rate = 2000
kcal = 200.42999267578125 35.7140007019043 35.7140007019043 35.7140007019043 35.7140007019043 35.7140007019043 35.7140007019043 35.7140007019043 35.7140007019043 35.7140007019043 35.7140007019043 35.7140007019043 35.7140007019043 35.7140007019043 35.7140007019043 35.7140007019043 35.7140007019043 35.7140007019043 35.7140007019043 35.7140007019043 35.7140007019043 35.7140007019043 35.7140007019043 35.7140007019043 35.7140007019043 35.7140007019043 35.7140007019043 35.7140007019043 35.7140007019043 35.7140007019043 35.7140007019043 35.7140007019043 35.7140007019043 35.7140007019043 35.7140007019043 35.7140007019043 35.7140007019043 35.7140007019043 35.7140007019043 35.7140007019043
phasecal = 0
vest = 240.000000
xpFREQ = 50
Ncycle = 20
debug = 0
model = 0 1 0 0 0 0
snode_pin =
snode_mcp =
pnode_pinI = 7 6 5 4 3 2 1
pnode_mcpI = 10 10 10 10 10 10 10
pnode_pinV = 0 0 0 0 0 0 0
pnode_mcpV = 10 10 10 10 10 10 10
tnode_pinI =
tnode_mcpI =
tnode_pinV =
tnode_mcpV =
fnode_pin =
fnode_mcp =
CHID = 0 1 2 3 4 5 6 0
CH_node_type = 3 3 3 3 3 3 3 3
CH_field_type = 1 1 1 1 1 1 1 3